21 37 4
36 37 4
3 6 3
30 38 4
10 7 3
30 41 4
38 28 4
28 34 4
20 13 2
21 43 4
21 39 4
38 32 4
11 8 3
12 18 3
26 42 4
18 4 2
35 32 4
34 -1 1
34 40 4
17 11 2
35 3 1
36 1 1
31 35 4
30 40 4
37 -7 1
2 7 3
15 5 2
34 -1 1
38 39 4
38 -3 1
25 4 2
35 36 4
38 4 1
7 14 3
13 11 3
18 5 2
32 -7 1
33 35 4
16 5 2
35 42 4
25 43 4
28 43 4
9 6 3
6 9 3
34 36 4
35 39 4
18 0 2
39 7 1
36 1 1
34 34 4
29 -4 1
20 -1 2
42 35 4
41 1 1
37 36 4
36 37 4
0 7 3
29 41 4
36 37 4
32 33 4
32 -3 1
4 6 3
41 40 4
13 8 3
30 36 4
15 -4 2
32 42 4
30 40 4
11 5 3
23 46 4
30 40 4
30 41 4
16 8 2
19 2 2
42 38 4
5 15 3
16 3 2
35 -3 1
8 11 3
15 3 2
38 34 4
38 5 1
30 43 4
2 12 3
19 5 2
38 33 4
39 31 4
39 1 1
18 5 2
33 2 1
24 3 2
30 35 4
40 -4 1
37 43 4
20 0 2
44 35 4
13 6 2
36 33 4
13 4 2
14 6 2
18 6 2
34 40 4
29 34 4
8 11 3
39 4 1
30 40 4
32 7 1
21 1 2
18 5 2
28 37 4
10 10 3
36 1 1
33 42 4
8 8 3
41 4 1
20 -3 2
37 38 4
30 36 4
31 35 4
35 33 4
9 12 3
1 5 3
6 16 3
25 38 4
8 11 3
34 3 1
33 7 1
31 7 1
38 32 4
36 36 4
37 -1 1
19 4 2
7 5 3
33 36 4
34 37 4
18 5 2
44 38 4
34 42 4
36 37 4
32 -6 1
24 43 4
32 -2 1
31 34 4
35 1 1
34 7 1
30 41 4
15 5 2
30 33 4
33 30 4
2 6 3
31 47 4
36 37 4
2 5 3
32 34 4
26 41 4
36 1 1
18 4 2
19 3 2
30 37 4
25 43 4
36 1 1
29 0 1
35 44 4
36 47 4
38 -2 1
33 31 4
35 47 4
35 -1 1
3 10 3
29 36 4
29 39 4
39 -2 1
29 -2 1
16 4 2
32 46 4
6 11 3
26 37 4
41 41 4
30 -2 1
28 38 4
33 5 1
27 39 4
12 16 3
30 41 4
36 43 4
30 40 4
24 6 2
41 37 4
8 19 3
38 -4 1
31 32 4
18 5 2
17 4 2
35 43 4
34 43 4
8 11 3
36 1 1
34 -5 1
31 6 1
35 40 4
24 7 2
30 34 4
7 9 3
21 42 4
18 2 2
12 16 3
9 1 2
32 39 4
11 3 2
29 7 1
35 -1 1
31 34 4
30 3 1
8 9 3
16 -2 2
39 44 4
41 38 4
39 37 4
34 4 1
25 4 2
10 10 3
15 8 2
27 2 1
34 34 4
30 1 1
15 13 3
36 37 4
17 5 2
8 10 3
10 8 3
25 3 2
21 4 2
29 31 4
19 1 2
38 36 4
37 31 4
18 9 2
32 29 4
34 34 4
29 -3 1
18 6 2
35 35 4
33 2 1
32 42 4
21 2 2
22 1 2
27 35 4
37 -1 1
36 1 1
39 35 4
10 13 3
29 40 4
20 6 2
36 37 4
16 7 2
4 12 3
16 10 2
33 34 4
41 33 4
36 -2 1
2 14 3
18 5 2
33 44 4
35 0 1
10 14 3
36 36 4
33 41 4
32 39 4
37 32 4
6 11 3
29 0 1
18 6 2
1 10 3
35 36 4
35 41 4
21 38 4
23 2 2
30 38 4
21 7 2
39 44 4
34 37 4
17 4 2
37 42 4
34 4 1
20 11 2
14 11 3
34 -1 1
30 33 4
34 2 1
8 11 3
34 43 4
36 37 4
8 11 3
38 5 1
33 36 4
32 43 4
30 34 4
14 0 2
33 32 4
8 11 3
36 36 4
40 36 4
36 0 1
36 -7 1
18 5 2
35 42 4
33 37 4
28 38 4
26 33 4
35 7 1
36 1 1
8 11 3
15 1 2
4 3 3
13 1 2
42 -6 1
37 0 1
13 10 3
22 40 4
42 34 4
36 -3 1
33 29 4
35 38 4
10 3 2
27 39 4
18 5 2
24 45 4
8 11 3
41 -6 1
30 40 4
38 -7 1
32 35 4
32 49 4
34 34 4
11 13 3
30 34 4
42 36 4
22 46 4
38 -2 1
8 11 3
28 42 4
30 41 4
1 10 3
16 4 2
34 -5 1
37 7 1
29 45 4
18 5 2
20 0 2
41 40 4
37 1 1
32 31 4
15 8 2
17 8 2
12 15 3
20 9 2
10 10 3
25 8 2
36 0 1
33 39 4
4 6 3
36 45 4
29 2 1
29 41 4
7 9 3
36 37 4
34 0 1
30 41 4
28 47 4
34 30 4
17 6 2
36 1 1
13 2 2
18 5 2
35 1 1
8 9 3
3 6 3
13 16 3
38 43 4
34 30 4
7 15 3
27 -2 1
32 33 4
22 38 4
17 5 2
21 -2 2
30 40 4
37 39 4
40 39 4
30 41 4
5 6 3
3 12 3
3 12 3
9 6 3
36 1 1
29 32 4
40 -1 1
9 11 3
36 46 4
36 40 4
30 41 4
19 0 2
15 10 2
25 5 2
36 1 1
17 -1 2
8 11 3
36 1 1
14 8 2
42 6 1
18 7 2
44 38 4
28 39 4
21 12 2
6 9 3
40 38 4
34 1 1
27 1 1
36 1 1
33 30 4
9 17 3
39 -1 1
28 37 4
37 -1 1
28 39 4
28 42 4
36 0 1
35 39 4
37 37 4
12 17 3
39 45 4
34 -1 1
37 30 4
29 41 4
9 14 3
21 6 2
36 1 1
33 34 4
29 45 4
30 41 4
7 11 3
20 3 2
2 15 3
39 39 4
15 2 2
21 -4 2
37 6 1
40 -8 1
33 41 4
40 -3 1
16 6 2
7 11 3
32 45 4
8 14 3
24 45 4
40 37 4
33 38 4
17 5 2
30 43 4
8 11 3
37 6 1
34 46 4
41 40 4
32 35 4
25 35 4
33 36 4
18 5 2
36 1 1
37 -1 1
17 6 2
30 40 4
35 0 1
7 17 3
9 19 3
26 3 2
41 32 4
5 12 3
18 6 2
16 9 2
43 36 4
30 41 4
38 36 4
30 5 1
20 1 2
4 8 3
15 -1 2
14 14 3
29 40 4
44 4 1
41 38 4
34 3 1
35 42 4
20 3 2
33 -1 1
34 39 4
35 0 1
37 0 1
36 36 4
18 5 2
36 37 4
40 3 1
38 38 4
12 5 2
8 8 3
24 37 4
35 39 4
20 12 2
10 8 3
30 -5 1
29 46 4
13 11 3
8 11 3
32 36 4
36 9 1
16 7 2
17 4 2
1 17 3
9 12 3
32 1 1
30 -3 1
13 8 3
3 11 3
30 42 4
35 0 1
3 11 3
35 37 4
20 -2 2
2 10 3
36 1 1
19 11 2
9 10 3
33 35 4
12 4 2
30 39 4
29 40 4
44 37 4
35 46 4
17 -2 2
3 15 3
15 0 2
18 4 2
33 0 1
34 0 1
24 9 2
18 5 2
0 6 3
32 0 1
30 41 4
12 3 2
4 19 3
44 36 4
21 6 2
35 -5 1
30 40 4
8 11 3
36 0 1
27 36 4
36 1 1
32 1 1
11 9 3
36 37 4
23 8 2
38 38 4
40 44 4
18 5 2
16 0 2
36 38 4
35 28 4
4 6 3
36 1 1
27 47 4
4 17 3
35 -1 1
17 5 2
35 48 4
11 -2 2
18 5 2
12 4 2
17 3 2
30 41 4
30 42 4
36 29 4
18 5 2
37 8 1
33 41 4
10 4 3
14 3 2
38 1 1
33 37 4
21 4 2
18 5 2
6 11 3
14 1 2
20 7 2
7 18 3
11 15 3
28 34 4
35 36 4
37 9 1
27 36 4
33 -1 1
29 -1 1
30 39 4
30 41 4
32 43 4
31 34 4
30 41 4
29 43 4
15 5 2
37 9 1
28 49 4
34 39 4
36 0 1
17 2 2
17 5 2
13 10 3
12 11 3
30 44 4
32 3 1
28 34 4
42 43 4
30 41 4
5 12 3
43 -3 1
36 46 4
30 41 4
10 2 2
17 0 2
39 39 4
32 38 4
26 45 4
9 8 3
15 1 2
35 37 4
27 2 1
36 37 4
33 -3 1
11 12 3
31 38 4
33 2 1
8 11 3
30 32 4
34 -8 1
8 11 3
44 -3 1
40 1 1
42 7 1
28 43 4
28 43 4
2 5 3
32 -1 1
9 19 3
38 29 4
33 4 1
29 3 1
34 33 4
9 13 3
31 43 4
29 5 1
29 3 1
35 37 4
17 11 2
25 5 2
20 2 2
18 5 2
36 4 1
15 2 2
11 6 3
8 13 3
7 12 3
41 2 1
32 39 4
41 32 4
5 18 3
34 42 4
35 32 4
40 30 4
29 5 1
30 34 4
8 8 3
34 37 4
42 -4 1
40 41 4
18 5 2
12 -2 2
32 3 1
42 41 4
7 12 3
8 9 3
6 13 3
18 3 2
13 18 3
15 9 2
36 1 1
34 34 4
17 4 2
36 47 4
43 36 4
14 10 3
34 -2 1
29 -1 1
26 36 4
41 1 1
23 5 2
16 3 2
35 -7 1
20 7 2
31 44 4
5 8 3
8 16 3
8 11 3
13 15 3
18 0 2
38 36 4
30 41 4
18 5 2
33 39 4
30 41 4
32 46 4
9 9 3
36 4 1
37 34 4
6 13 3
35 36 4
20 -2 2
25 41 4
30 41 4
7 9 3
10 17 3
12 -2 2
27 33 4
31 3 1
30 -1 1
8 2 3
36 37 4
36 1 1
16 7 2
8 2 3
31 7 1
30 33 4
29 40 4
35 34 4
9 8 3
29 44 4
20 4 2
8 11 3
8 11 3
20 8 2
2 7 3
34 39 4
30 41 4
27 40 4
15 3 2
35 1 1
17 4 2
36 37 4
13 10 3
28 -4 1
41 0 1
35 1 1
10 0 2
41 1 1
36 1 1
43 35 4
29 40 4
40 -7 1
36 31 4
38 35 4
32 39 4
8 11 3
33 6 1
36 1 1
13 12 3
9 18 3
32 8 1
35 -7 1
12 7 3
35 35 4
27 38 4
22 36 4
15 3 2
42 33 4
17 3 2
36 37 4
8 11 3
22 37 4
28 39 4
39 0 1
7 11 3
5 9 3
35 -1 1
30 41 4
13 16 3
31 41 4
22 -2 2
44 0 1
2 14 3
12 6 2
33 35 4
28 49 4
41 38 4
6 10 3
43 -2 1
38 32 4
8 10 3
20 5 2
15 5 2
33 48 4
8 11 3
40 32 4
13 10 3
23 12 2
32 -4 1
34 0 1
32 35 4
13 6 2
12 10 3
36 35 4
16 8 2
34 36 4
8 11 3
35 -7 1
42 31 4
30 32 4
35 36 4
4 7 3
32 43 4
35 6 1
17 -2 2
36 37 4
34 38 4
13 13 3
19 -1 2
24 -2 2
36 37 4
31 46 4
37 31 4
30 41 4
21 10 2
9 11 3
12 0 2
18 3 2
4 14 3
4 12 3
36 2 1
38 35 4
30 4 1
33 33 4
16 10 2
33 -4 1
28 33 4
33 3 1
36 37 4
32 1 1
11 7 3
33 48 4
14 6 2
43 35 4
38 39 4
30 34 4
25 38 4
14 12 3
32 39 4
15 4 2
18 5 2
32 40 4
37 2 1
36 1 1
39 42 4
43 32 4
35 36 4
30 41 4
36 35 4
34 34 4
42 5 1
29 5 1
37 1 1
39 35 4
29 5 1
17 5 2
31 33 4
36 37 4
35 0 1
32 37 4
18 7 2
22 6 2
39 -3 1
24 38 4
13 11 3
29 41 4
37 -2 1
37 28 4
9 6 3
37 -4 1
12 2 2
22 36 4
5 10 3
18 5 2
29 40 4
17 4 2
31 45 4
6 11 3
38 41 4
37 28 4
36 30 4
40 8 1
20 3 2
6 8 3
19 0 2
29 33 4
31 35 4
36 40 4
34 38 4
19 8 2
16 4 2
32 2 1
38 43 4
18 5 2
10 12 3
7 10 3
34 -1 1
21 1 2
33 37 4
33 5 1
42 -5 1
29 -4 1
36 1 1
35 29 4
36 1 1
29 43 4
9 7 3
44 4 1
30 37 4
19 7 2
8 11 3
18 5 2
32 34 4
28 40 4
10 8 3
-1 8 3
31 1 1
36 40 4
13 7 2
33 42 4
13 17 3
26 39 4
32 46 4
37 38 4
24 41 4
37 36 4
35 37 4
24 3 2
25 1 2
30 41 4
21 4 2
41 38 4
32 -2 1
31 36 4
18 5 2
29 41 4
31 29 4
12 5 2
34 6 1
33 38 4
30 40 4
9 6 3
26 42 4
2 11 3
25 10 2
26 46 4
35 -1 1
9 2 3
29 41 4
37 39 4
38 -2 1
15 13 3
14 4 2
35 0 1
9 14 3
34 2 1
29 7 1
21 3 2
18 6 2
29 42 4
5 16 3
8 11 3
36 0 1
20 5 2
16 5 2
36 -1 1
2 18 3
15 6 2
36 35 4
27 35 4
25 42 4
18 5 2
36 42 4
36 37 4
36 37 4
37 2 1
0 0 3
