21 37 4
36 37 1
3 6 3
30 38 4
10 7 3
30 41 4
38 28 1
28 34 4
20 13 2
21 43 4
21 39 4
38 32 1
11 8 3
12 18 3
26 42 4
18 4 2
35 32 1
34 -1 5
34 40 4
17 11 2
35 3 5
36 1 5
31 35 1
30 40 4
37 -7 5
2 7 3
15 5 2
34 -1 5
38 39 1
38 -3 5
25 4 2
35 36 1
38 4 5
7 14 3
13 11 3
18 5 2
32 -7 5
33 35 1
16 5 2
35 42 4
25 43 4
28 43 4
9 6 3
6 9 3
34 36 1
35 39 1
18 0 2
39 7 5
36 1 5
34 34 1
29 -4 5
20 -1 2
42 35 1
41 1 5
37 36 1
36 37 1
0 7 3
29 41 4
36 37 1
32 33 1
32 -3 5
4 6 3
41 40 1
13 8 3
30 36 4
15 -4 2
32 42 4
30 40 4
11 5 3
23 46 4
30 40 4
30 41 4
16 8 2
19 2 2
42 38 1
5 15 3
16 3 2
35 -3 5
8 11 3
15 3 2
38 34 1
38 5 5
30 43 4
2 12 3
19 5 2
38 33 1
39 31 1
39 1 5
18 5 2
33 2 5
24 3 2
30 35 1
40 -4 5
37 43 1
20 0 2
44 35 1
13 6 2
36 33 1
13 4 2
14 6 2
18 6 2
34 40 4
29 34 4
8 11 3
39 4 5
30 40 4
32 7 5
21 1 2
18 5 2
28 37 4
10 10 3
36 1 5
33 42 4
8 8 3
41 4 5
20 -3 2
37 38 1
30 36 4
31 35 1
35 33 1
9 12 3
1 5 3
6 16 3
25 38 4
8 11 3
34 3 5
33 7 5
31 7 5
38 32 1
36 36 1
37 -1 5
19 4 2
7 5 3
33 36 1
34 37 1
18 5 2
44 38 1
34 42 4
36 37 1
32 -6 5
24 43 4
32 -2 5
31 34 1
35 1 5
34 7 5
30 41 4
15 5 2
30 33 1
33 30 1
2 6 3
31 47 4
36 37 1
2 5 3
32 34 1
26 41 4
36 1 5
18 4 2
19 3 2
30 37 4
25 43 4
36 1 5
29 0 5
35 44 4
36 47 4
38 -2 5
33 31 1
35 47 4
35 -1 5
3 10 3
29 36 4
29 39 4
39 -2 5
29 -2 5
16 4 2
32 46 4
6 11 3
26 37 4
41 41 1
30 -2 5
28 38 4
33 5 5
27 39 4
12 16 3
30 41 4
36 43 4
30 40 4
24 6 2
41 37 1
8 19 3
38 -4 5
31 32 1
18 5 2
17 4 2
35 43 4
34 43 4
8 11 3
36 1 5
34 -5 5
31 6 5
35 40 1
24 7 2
30 34 1
7 9 3
21 42 4
18 2 2
12 16 3
9 1 2
32 39 4
11 3 2
29 7 5
35 -1 5
31 34 1
30 3 5
8 9 3
16 -2 2
39 44 1
41 38 1
39 37 1
34 4 5
25 4 2
10 10 3
15 8 2
27 2 5
34 34 1
30 1 5
15 13 3
36 37 1
17 5 2
8 10 3
10 8 3
25 3 2
21 4 2
29 31 1
19 1 2
38 36 1
37 31 1
18 9 2
32 29 1
34 34 1
29 -3 5
18 6 2
35 35 1
33 2 5
32 42 4
21 2 2
22 1 2
27 35 4
37 -1 5
36 1 5
39 35 1
10 13 3
29 40 4
20 6 2
36 37 1
16 7 2
4 12 3
16 10 2
33 34 1
41 33 1
36 -2 5
2 14 3
18 5 2
33 44 4
35 0 5
10 14 3
36 36 1
33 41 4
32 39 4
37 32 1
6 11 3
29 0 5
18 6 2
1 10 3
35 36 1
35 41 1
21 38 4
23 2 2
30 38 4
21 7 2
39 44 1
34 37 1
17 4 2
37 42 1
34 4 5
20 11 2
14 11 3
34 -1 5
30 33 1
34 2 5
8 11 3
34 43 4
36 37 1
8 11 3
38 5 5
33 36 1
32 43 4
30 34 1
14 0 2
33 32 1
8 11 3
36 36 1
40 36 1
36 0 5
36 -7 5
18 5 2
35 42 4
33 37 1
28 38 4
26 33 4
35 7 5
36 1 5
8 11 3
15 1 2
4 3 3
13 1 2
42 -6 5
37 0 5
13 10 3
22 40 4
42 34 1
36 -3 5
33 29 1
35 38 1
10 3 2
27 39 4
18 5 2
24 45 4
8 11 3
41 -6 5
30 40 4
38 -7 5
32 35 1
32 49 4
34 34 1
11 13 3
30 34 1
42 36 1
22 46 4
38 -2 5
8 11 3
28 42 4
30 41 4
1 10 3
16 4 2
34 -5 5
37 7 5
29 45 4
18 5 2
20 0 2
41 40 1
37 1 5
32 31 1
15 8 2
17 8 2
12 15 3
20 9 2
10 10 3
25 8 2
36 0 5
33 39 4
4 6 3
36 45 4
29 2 5
29 41 4
7 9 3
36 37 1
34 0 5
30 41 4
28 47 4
34 30 1
17 6 2
36 1 5
13 2 2
18 5 2
35 1 5
8 9 3
3 6 3
13 16 3
38 43 1
34 30 1
7 15 3
27 -2 5
32 33 1
22 38 4
17 5 2
21 -2 2
30 40 4
37 39 1
40 39 1
30 41 4
5 6 3
3 12 3
3 12 3
9 6 3
36 1 5
29 32 1
40 -1 5
9 11 3
36 46 4
36 40 1
30 41 4
19 0 2
15 10 2
25 5 2
36 1 5
17 -1 2
8 11 3
36 1 5
14 8 2
42 6 5
18 7 2
44 38 1
28 39 4
21 12 2
6 9 3
40 38 1
34 1 5
27 1 5
36 1 5
33 30 1
9 17 3
39 -1 5
28 37 4
37 -1 5
28 39 4
28 42 4
36 0 5
35 39 1
37 37 1
12 17 3
39 45 1
34 -1 5
37 30 1
29 41 4
9 14 3
21 6 2
36 1 5
33 34 1
29 45 4
30 41 4
7 11 3
20 3 2
2 15 3
39 39 1
15 2 2
21 -4 2
37 6 5
40 -8 5
33 41 4
40 -3 5
16 6 2
7 11 3
32 45 4
8 14 3
24 45 4
40 37 1
33 38 1
17 5 2
30 43 4
8 11 3
37 6 5
34 46 4
41 40 1
32 35 1
25 35 4
33 36 1
18 5 2
36 1 5
37 -1 5
17 6 2
30 40 4
35 0 5
7 17 3
9 19 3
26 3 2
41 32 1
5 12 3
18 6 2
16 9 2
43 36 1
30 41 4
38 36 1
30 5 5
20 1 2
4 8 3
15 -1 2
14 14 3
29 40 4
44 4 5
41 38 1
34 3 5
35 42 4
20 3 2
33 -1 5
34 39 1
35 0 5
37 0 5
36 36 1
18 5 2
36 37 1
40 3 5
38 38 1
12 5 2
8 8 3
24 37 4
35 39 1
20 12 2
10 8 3
30 -5 5
29 46 4
13 11 3
8 11 3
32 36 1
36 9 5
16 7 2
17 4 2
1 17 3
9 12 3
32 1 5
30 -3 5
13 8 3
3 11 3
30 42 4
35 0 5
3 11 3
35 37 1
20 -2 2
2 10 3
36 1 5
19 11 2
9 10 3
33 35 1
12 4 2
30 39 4
29 40 4
44 37 1
35 46 4
17 -2 2
3 15 3
15 0 2
18 4 2
33 0 5
34 0 5
24 9 2
18 5 2
0 6 3
32 0 5
30 41 4
12 3 2
4 19 3
44 36 1
21 6 2
35 -5 5
30 40 4
8 11 3
36 0 5
27 36 4
36 1 5
32 1 5
11 9 3
36 37 1
23 8 2
38 38 1
40 44 1
18 5 2
16 0 2
36 38 1
35 28 1
4 6 3
36 1 5
27 47 4
4 17 3
35 -1 5
17 5 2
35 48 4
11 -2 2
18 5 2
12 4 2
17 3 2
30 41 4
30 42 4
36 29 1
18 5 2
37 8 5
33 41 4
10 4 3
14 3 2
38 1 5
33 37 1
21 4 2
18 5 2
6 11 3
14 1 2
20 7 2
7 18 3
11 15 3
28 34 4
35 36 1
37 9 5
27 36 4
33 -1 5
29 -1 5
30 39 4
30 41 4
32 43 4
31 34 1
30 41 4
29 43 4
15 5 2
37 9 5
28 49 4
34 39 1
36 0 5
17 2 2
17 5 2
13 10 3
12 11 3
30 44 4
32 3 5
28 34 4
42 43 1
30 41 4
5 12 3
43 -3 5
36 46 4
30 41 4
10 2 2
17 0 2
39 39 1
32 38 4
26 45 4
9 8 3
15 1 2
35 37 1
27 2 5
36 37 1
33 -3 5
11 12 3
31 38 4
33 2 5
8 11 3
30 32 1
34 -8 5
8 11 3
44 -3 5
40 1 5
42 7 5
28 43 4
28 43 4
2 5 3
32 -1 5
9 19 3
38 29 1
33 4 5
29 3 5
34 33 1
9 13 3
31 43 4
29 5 5
29 3 5
35 37 1
17 11 2
25 5 2
20 2 2
18 5 2
36 4 5
15 2 2
11 6 3
8 13 3
7 12 3
41 2 5
32 39 4
41 32 1
5 18 3
34 42 4
35 32 1
40 30 1
29 5 5
30 34 1
8 8 3
34 37 1
42 -4 5
40 41 1
18 5 2
12 -2 2
32 3 5
42 41 1
7 12 3
8 9 3
6 13 3
18 3 2
13 18 3
15 9 2
36 1 5
34 34 1
17 4 2
36 47 4
43 36 1
14 10 3
34 -2 5
29 -1 5
26 36 4
41 1 5
23 5 2
16 3 2
35 -7 5
20 7 2
31 44 4
5 8 3
8 16 3
8 11 3
13 15 3
18 0 2
38 36 1
30 41 4
18 5 2
33 39 4
30 41 4
32 46 4
9 9 3
36 4 5
37 34 1
6 13 3
35 36 1
20 -2 2
25 41 4
30 41 4
7 9 3
10 17 3
12 -2 2
27 33 4
31 3 5
30 -1 5
8 2 3
36 37 1
36 1 5
16 7 2
8 2 3
31 7 5
30 33 1
29 40 4
35 34 1
9 8 3
29 44 4
20 4 2
8 11 3
8 11 3
20 8 2
2 7 3
34 39 1
30 41 4
27 40 4
15 3 2
35 1 5
17 4 2
36 37 1
13 10 3
28 -4 5
41 0 5
35 1 5
10 0 2
41 1 5
36 1 5
43 35 1
29 40 4
40 -7 5
36 31 1
38 35 1
32 39 4
8 11 3
33 6 5
36 1 5
13 12 3
9 18 3
32 8 5
35 -7 5
12 7 3
35 35 1
27 38 4
22 36 4
15 3 2
42 33 1
17 3 2
36 37 1
8 11 3
22 37 4
28 39 4
39 0 5
7 11 3
5 9 3
35 -1 5
30 41 4
13 16 3
31 41 4
22 -2 2
44 0 5
2 14 3
12 6 2
33 35 1
28 49 4
41 38 1
6 10 3
43 -2 5
38 32 1
8 10 3
20 5 2
15 5 2
33 48 4
8 11 3
40 32 1
13 10 3
23 12 2
32 -4 5
34 0 5
32 35 1
13 6 2
12 10 3
36 35 1
16 8 2
34 36 1
8 11 3
35 -7 5
42 31 1
30 32 1
35 36 1
4 7 3
32 43 4
35 6 5
17 -2 2
36 37 1
34 38 1
13 13 3
19 -1 2
24 -2 2
36 37 1
31 46 4
37 31 1
30 41 4
21 10 2
9 11 3
12 0 2
18 3 2
4 14 3
4 12 3
36 2 5
38 35 1
30 4 5
33 33 1
16 10 2
33 -4 5
28 33 4
33 3 5
36 37 1
32 1 5
11 7 3
33 48 4
14 6 2
43 35 1
38 39 1
30 34 1
25 38 4
14 12 3
32 39 4
15 4 2
18 5 2
32 40 4
37 2 5
36 1 5
39 42 1
43 32 1
35 36 1
30 41 4
36 35 1
34 34 1
42 5 5
29 5 5
37 1 5
39 35 1
29 5 5
17 5 2
31 33 1
36 37 1
35 0 5
32 37 1
18 7 2
22 6 2
39 -3 5
24 38 4
13 11 3
29 41 4
37 -2 5
37 28 1
9 6 3
37 -4 5
12 2 2
22 36 4
5 10 3
18 5 2
29 40 4
17 4 2
31 45 4
6 11 3
38 41 1
37 28 1
36 30 1
40 8 5
20 3 2
6 8 3
19 0 2
29 33 1
31 35 1
36 40 1
34 38 1
19 8 2
16 4 2
32 2 5
38 43 1
18 5 2
10 12 3
7 10 3
34 -1 5
21 1 2
33 37 1
33 5 5
42 -5 5
29 -4 5
36 1 5
35 29 1
36 1 5
29 43 4
9 7 3
44 4 5
30 37 4
19 7 2
8 11 3
18 5 2
32 34 1
28 40 4
10 8 3
-1 8 3
31 1 5
36 40 1
13 7 2
33 42 4
13 17 3
26 39 4
32 46 4
37 38 1
24 41 4
37 36 1
35 37 1
24 3 2
25 1 2
30 41 4
21 4 2
41 38 1
32 -2 5
31 36 1
18 5 2
29 41 4
31 29 1
12 5 2
34 6 5
33 38 1
30 40 4
9 6 3
26 42 4
2 11 3
25 10 2
26 46 4
35 -1 5
9 2 3
29 41 4
37 39 1
38 -2 5
15 13 3
14 4 2
35 0 5
9 14 3
34 2 5
29 7 5
21 3 2
18 6 2
29 42 4
5 16 3
8 11 3
36 0 5
20 5 2
16 5 2
36 -1 5
2 18 3
15 6 2
36 35 1
27 35 4
25 42 4
18 5 2
36 42 1
36 37 1
36 37 1
37 2 5
0 0 3
