21 37
36 37
3 6
30 38
10 7
30 41
38 28
28 34
20 13
21 43
21 39
38 32
11 8
12 18
26 42
18 4
35 32
34 -1
34 40
17 11
35 3
36 1
31 35
30 40
37 -7
2 7
15 5
34 -1
38 39
38 -3
25 4
35 36
38 4
7 14
13 11
18 5
32 -7
33 35
16 5
35 42
25 43
28 43
9 6
6 9
34 36
35 39
18 0
39 7
36 1
34 34
29 -4
20 -1
42 35
41 1
37 36
36 37
0 7
29 41
36 37
32 33
32 -3
4 6
41 40
13 8
30 36
15 -4
32 42
30 40
11 5
23 46
30 40
30 41
16 8
19 2
42 38
5 15
16 3
35 -3
8 11
15 3
38 34
38 5
30 43
2 12
19 5
38 33
39 31
39 1
18 5
33 2
24 3
30 35
40 -4
37 43
20 0
44 35
13 6
36 33
13 4
14 6
18 6
34 40
29 34
8 11
39 4
30 40
32 7
21 1
18 5
28 37
10 10
36 1
33 42
8 8
41 4
20 -3
37 38
30 36
31 35
35 33
9 12
1 5
6 16
25 38
8 11
34 3
33 7
31 7
38 32
36 36
37 -1
19 4
7 5
33 36
34 37
18 5
44 38
34 42
36 37
32 -6
24 43
32 -2
31 34
35 1
34 7
30 41
15 5
30 33
33 30
2 6
31 47
36 37
2 5
32 34
26 41
36 1
18 4
19 3
30 37
25 43
36 1
29 0
35 44
36 47
38 -2
33 31
35 47
35 -1
3 10
29 36
29 39
39 -2
29 -2
16 4
32 46
6 11
26 37
41 41
30 -2
28 38
33 5
27 39
12 16
30 41
36 43
30 40
24 6
41 37
8 19
38 -4
31 32
18 5
17 4
35 43
34 43
8 11
36 1
34 -5
31 6
35 40
24 7
30 34
7 9
21 42
18 2
12 16
9 1
32 39
11 3
29 7
35 -1
31 34
30 3
8 9
16 -2
39 44
41 38
39 37
34 4
25 4
10 10
15 8
27 2
34 34
30 1
15 13
36 37
17 5
8 10
10 8
25 3
21 4
29 31
19 1
38 36
37 31
18 9
32 29
34 34
29 -3
18 6
35 35
33 2
32 42
21 2
22 1
27 35
37 -1
36 1
39 35
10 13
29 40
20 6
36 37
16 7
4 12
16 10
33 34
41 33
36 -2
2 14
18 5
33 44
35 0
10 14
36 36
33 41
32 39
37 32
6 11
29 0
18 6
1 10
35 36
35 41
21 38
23 2
30 38
21 7
39 44
34 37
17 4
37 42
34 4
20 11
14 11
34 -1
30 33
34 2
8 11
34 43
36 37
8 11
38 5
33 36
32 43
30 34
14 0
33 32
8 11
36 36
40 36
36 0
36 -7
18 5
35 42
33 37
28 38
26 33
35 7
36 1
8 11
15 1
4 3
13 1
42 -6
37 0
13 10
22 40
42 34
36 -3
33 29
35 38
10 3
27 39
18 5
24 45
8 11
41 -6
30 40
38 -7
32 35
32 49
34 34
11 13
30 34
42 36
22 46
38 -2
8 11
28 42
30 41
1 10
16 4
34 -5
37 7
29 45
18 5
20 0
41 40
37 1
32 31
15 8
17 8
12 15
20 9
10 10
25 8
36 0
33 39
4 6
36 45
29 2
29 41
7 9
36 37
34 0
30 41
28 47
34 30
17 6
36 1
13 2
18 5
35 1
8 9
3 6
13 16
38 43
34 30
7 15
27 -2
32 33
22 38
17 5
21 -2
30 40
37 39
40 39
30 41
5 6
3 12
3 12
9 6
36 1
29 32
40 -1
9 11
36 46
36 40
30 41
19 0
15 10
25 5
36 1
17 -1
8 11
36 1
14 8
42 6
18 7
44 38
28 39
21 12
6 9
40 38
34 1
27 1
36 1
33 30
9 17
39 -1
28 37
37 -1
28 39
28 42
36 0
35 39
37 37
12 17
39 45
34 -1
37 30
29 41
9 14
21 6
36 1
33 34
29 45
30 41
7 11
20 3
2 15
39 39
15 2
21 -4
37 6
40 -8
33 41
40 -3
16 6
7 11
32 45
8 14
24 45
40 37
33 38
17 5
30 43
8 11
37 6
34 46
41 40
32 35
25 35
33 36
18 5
36 1
37 -1
17 6
30 40
35 0
7 17
9 19
26 3
41 32
5 12
18 6
16 9
43 36
30 41
38 36
30 5
20 1
4 8
15 -1
14 14
29 40
44 4
41 38
34 3
35 42
20 3
33 -1
34 39
35 0
37 0
36 36
18 5
36 37
40 3
38 38
12 5
8 8
24 37
35 39
20 12
10 8
30 -5
29 46
13 11
8 11
32 36
36 9
16 7
17 4
1 17
9 12
32 1
30 -3
13 8
3 11
30 42
35 0
3 11
35 37
20 -2
2 10
36 1
19 11
9 10
33 35
12 4
30 39
29 40
44 37
35 46
17 -2
3 15
15 0
18 4
33 0
34 0
24 9
18 5
0 6
32 0
30 41
12 3
4 19
44 36
21 6
35 -5
30 40
8 11
36 0
27 36
36 1
32 1
11 9
36 37
23 8
38 38
40 44
18 5
16 0
36 38
35 28
4 6
36 1
27 47
4 17
35 -1
17 5
35 48
11 -2
18 5
12 4
17 3
30 41
30 42
36 29
18 5
37 8
33 41
10 4
14 3
38 1
33 37
21 4
18 5
6 11
14 1
20 7
7 18
11 15
28 34
35 36
37 9
27 36
33 -1
29 -1
30 39
30 41
32 43
31 34
30 41
29 43
15 5
37 9
28 49
34 39
36 0
17 2
17 5
13 10
12 11
30 44
32 3
28 34
42 43
30 41
5 12
43 -3
36 46
30 41
10 2
17 0
39 39
32 38
26 45
9 8
15 1
35 37
27 2
36 37
33 -3
11 12
31 38
33 2
8 11
30 32
34 -8
8 11
44 -3
40 1
42 7
28 43
28 43
2 5
32 -1
9 19
38 29
33 4
29 3
34 33
9 13
31 43
29 5
29 3
35 37
17 11
25 5
20 2
18 5
36 4
15 2
11 6
8 13
7 12
41 2
32 39
41 32
5 18
34 42
35 32
40 30
29 5
30 34
8 8
34 37
42 -4
40 41
18 5
12 -2
32 3
42 41
7 12
8 9
6 13
18 3
13 18
15 9
36 1
34 34
17 4
36 47
43 36
14 10
34 -2
29 -1
26 36
41 1
23 5
16 3
35 -7
20 7
31 44
5 8
8 16
8 11
13 15
18 0
38 36
30 41
18 5
33 39
30 41
32 46
9 9
36 4
37 34
6 13
35 36
20 -2
25 41
30 41
7 9
10 17
12 -2
27 33
31 3
30 -1
8 2
36 37
36 1
16 7
8 2
31 7
30 33
29 40
35 34
9 8
29 44
20 4
8 11
8 11
20 8
2 7
34 39
30 41
27 40
15 3
35 1
17 4
36 37
13 10
28 -4
41 0
35 1
10 0
41 1
36 1
43 35
29 40
40 -7
36 31
38 35
32 39
8 11
33 6
36 1
13 12
9 18
32 8
35 -7
12 7
35 35
27 38
22 36
15 3
42 33
17 3
36 37
8 11
22 37
28 39
39 0
7 11
5 9
35 -1
30 41
13 16
31 41
22 -2
44 0
2 14
12 6
33 35
28 49
41 38
6 10
43 -2
38 32
8 10
20 5
15 5
33 48
8 11
40 32
13 10
23 12
32 -4
34 0
32 35
13 6
12 10
36 35
16 8
34 36
8 11
35 -7
42 31
30 32
35 36
4 7
32 43
35 6
17 -2
36 37
34 38
13 13
19 -1
24 -2
36 37
31 46
37 31
30 41
21 10
9 11
12 0
18 3
4 14
4 12
36 2
38 35
30 4
33 33
16 10
33 -4
28 33
33 3
36 37
32 1
11 7
33 48
14 6
43 35
38 39
30 34
25 38
14 12
32 39
15 4
18 5
32 40
37 2
36 1
39 42
43 32
35 36
30 41
36 35
34 34
42 5
29 5
37 1
39 35
29 5
17 5
31 33
36 37
35 0
32 37
18 7
22 6
39 -3
24 38
13 11
29 41
37 -2
37 28
9 6
37 -4
12 2
22 36
5 10
18 5
29 40
17 4
31 45
6 11
38 41
37 28
36 30
40 8
20 3
6 8
19 0
29 33
31 35
36 40
34 38
19 8
16 4
32 2
38 43
18 5
10 12
7 10
34 -1
21 1
33 37
33 5
42 -5
29 -4
36 1
35 29
36 1
29 43
9 7
44 4
30 37
19 7
8 11
18 5
32 34
28 40
10 8
-1 8
31 1
36 40
13 7
33 42
13 17
26 39
32 46
37 38
24 41
37 36
35 37
24 3
25 1
30 41
21 4
41 38
32 -2
31 36
18 5
29 41
31 29
12 5
34 6
33 38
30 40
9 6
26 42
2 11
25 10
26 46
35 -1
9 2
29 41
37 39
38 -2
15 13
14 4
35 0
9 14
34 2
29 7
21 3
18 6
29 42
5 16
8 11
36 0
20 5
16 5
36 -1
2 18
15 6
36 35
27 35
25 42
18 5
36 42
36 37
36 37
37 2
